[Standalone]
AltColor = 1

[Player]
OverrideTableEmissionScale = 1
DynamicDayNight = 0
EmissionScale = 0.120000

[TableOverride]
ViewDTMode = 1
ViewDTScaleX = 1.000000
ViewDTScaleY = 1.047997
ViewDTScaleZ = 1.000000
ViewDTRotation = 0.000000
ViewDTPlayerX = 0.000000
ViewDTPlayerY = 370.541931
ViewDTPlayerZ = 1164.896729
ViewDTLookAt = 25.000000
ViewDTFOV = 50.000000
ViewDTHOfs = 0.000000
ViewDTVOfs = 22.400032
