[TableOverride]
ViewCabMode = 0
ViewCabScaleX = 0.934004
ViewCabScaleY = 1.131002
ViewCabScaleZ = 1.000000
ViewCabRotation = 270.000000
ViewCabPlayerX = -12.799464
ViewCabPlayerY = 3.199837
ViewCabPlayerZ = -510.000000
ViewCabLookAt = 6.200008
ViewCabFOV = 28.600044
ViewCabLayback = 57.600082