[TableOverride]
ViewDTMode = 0
ViewDTScaleX = 1.003711
ViewDTScaleY = 1.070423
ViewDTScaleZ = 1.038201
ViewDTRotation = 0.000000
ViewDTPlayerX = 0.000000
ViewDTPlayerY = 40.680965
ViewDTPlayerZ = -165.299988
ViewDTLookAt = 45.000000
ViewDTFOV = 45.000000
ViewDTLayback = 0.000000
ViewCabMode = 0
ViewCabScaleX = 0.993831
ViewCabScaleY = 1.128185
ViewCabScaleZ = 1.000000
ViewCabRotation = 270.000000
ViewCabPlayerX = -23.049479
ViewCabPlayerY = -6.491163
ViewCabPlayerZ = -367.910126
ViewCabLookAt = 6.186305
ViewCabFOV = 26.800037
ViewCabLayback = 79.717987