[TableOverride]
ViewDTMode = 0
ViewDTScaleX = 1.000000
ViewDTScaleY = 0.908495
ViewDTScaleZ = 1.000000
ViewDTRotation = 0.000000
ViewDTPlayerX = 0.000000
ViewDTPlayerY = -7.500000
ViewDTPlayerZ = -420.000000
ViewDTLookAt = 39.900078
ViewDTFOV = 34.000000
ViewDTLayback = 0.000000
ViewCabMode = 0
ViewCabScaleX = 0.809497
ViewCabScaleY = 1.000000
ViewCabScaleZ = 1.000000
ViewCabRotation = 270.000000
ViewCabPlayerX = -10.000000
ViewCabPlayerY = 0.000000
ViewCabPlayerZ = -710.000000
ViewCabLookAt = 4.900000
ViewCabFOV = 24.000000
ViewCabLayback = 70.000000